Relation between Centrality and Impact parameter - Ar
b(fm)     Centrality(%)
0     0
0.0533233     0.00345886
0.106647     0.0138354
0.15997     0.0311297
0.213293     0.0553417
0.266616     0.0864714
0.31994     0.124519
0.373263     0.169484
0.426586     0.221367
0.479909     0.280167
0.533233     0.345886
0.586556     0.418522
0.639879     0.498075
0.693202     0.584547
0.746526     0.677936
0.799849     0.778243
0.853172     0.885467
0.906495     0.99961
0.959819     1.12067
1.01314     1.24865
1.06647     1.38354
1.11979     1.52536
1.17311     1.67409
1.22644     1.82974
1.27976     1.9923
1.33308     2.16179
1.3864     2.33819
1.43973     2.52151
1.49305     2.71174
1.54637     2.9089
1.5997     3.11297
1.65302     3.32396
1.70634     3.54187
1.75967     3.76669
1.81299     3.99844
1.86631     4.2371
1.91964     4.48268
1.97296     4.73517
2.02628     4.99459
2.07961     5.26092
2.13293     5.53417
2.18625     5.81434
2.23958     6.10142
2.2929     6.39543
2.34622     6.69635
2.39955     7.00418
2.45287     7.31894
2.50619     7.64061
2.55952     7.96921
2.61284     8.30471
2.66616     8.64714
2.71949     8.99649
2.77281     9.35275
2.82613     9.71593
2.87946     10.086
2.93278     10.463
2.9861     10.847
3.03943     11.2378
3.09275     11.6356
3.14607     12.0403
3.1994     12.4519
3.25272     12.8704
3.30604     13.2958
3.35937     13.7282
3.41269     14.1675
3.46601     14.6137
3.51934     15.0668
3.57266     15.5268
3.62598     15.9938
3.67931     16.4676
3.73263     16.9484
3.78595     17.4361
3.83927     17.9307
3.8926     18.4322
3.94592     18.9407
3.99924     19.4561
4.05257     19.9784
4.10589     20.5076
4.15921     21.0437
4.21254     21.5867
4.26586     22.1367
4.31918     22.6936
4.37251     23.2574
4.42583     23.8281
4.47915     24.4057
4.53248     24.9902
4.5858     25.5817
4.63912     26.1801
4.69245     26.7854
4.74577     27.3976
4.79909     28.0167
4.85242     28.6428
4.90574     29.2758
4.95906     29.9157
5.01239     30.5625
5.06571     31.2162
5.11903     31.8768
5.17236     32.5444
5.22568     33.2189
5.279     33.9003
5.33233     34.5886
5.38565     35.2838
5.43897     35.9859
5.4923     36.695
5.54562     37.411
5.59894     38.1339
5.65227     38.8637
5.70559     39.6004
5.75891     40.3441
5.81224     41.0946
5.86556     41.8521
5.91888     42.6165
5.97221     43.3878
6.02553     44.166
6.07885     44.9511
6.13218     45.743
6.1855     46.5416
6.23882     47.3472
6.29215     48.1595
6.34547     48.9789
6.39879     49.8053
6.45211     50.6381
6.50544     51.4774
6.55876     52.3233
6.61208     53.1758
6.66541     54.0347
6.71873     54.9
6.77205     55.7706
6.82538     56.6464
6.8787     57.5287
6.93202     58.4155
6.98535     59.3077
7.03867     60.2042
7.09199     61.1057
7.14532     62.0109
7.19864     62.9198
7.25196     63.8304
7.30529     64.7451
7.35861     65.6603
7.41193     66.5745
7.46526     67.4903
7.51858     68.4038
7.5719     69.3178
7.62523     70.2272
7.67855     71.1333
7.73187     72.0326
7.7852     72.9294
7.83852     73.8204
7.89184     74.7009
7.94517     75.5771
7.99849     76.4438
8.05181     77.3016
8.10514     78.1475
8.15846     78.9779
8.21178     79.7985
8.26511     80.6013
8.31843     81.387
8.37175     82.1656
8.42508     82.918
8.4784     83.6525
8.53172     84.3725
8.58505     85.0696
8.63837     85.7563
8.69169     86.4169
8.74502     87.0581
8.79834     87.6861
8.85166     88.288
8.90498     88.8687
8.95831     89.4266
9.01163     89.965
9.06495     90.4834
9.11828     90.9872
9.1716     91.4701
9.22492     91.9329
9.27825     92.3728
9.33157     92.7987
9.38489     93.2052
9.43822     93.5879
9.49154     93.9579
9.54486     94.3048
9.59819     94.6429
9.65151     94.9603
9.70483     95.2659
9.75816     95.5512
9.81148     95.8245
9.8648     96.0778
9.91813     96.3244
9.97145     96.5578
10.0248     96.7763
10.0781     96.9815
10.1314     97.1755
10.1847     97.3547
10.2381     97.5291
10.2914     97.6908
10.3447     97.8423
10.398     97.9857
10.4514     98.1244
10.5047     98.2527
10.558     98.3694
10.6113     98.4853
10.6647     98.587
10.718     98.6845
10.7713     98.7766
10.8246     98.8554
10.8779     98.9361
10.9313     99.0106
10.9846     99.0841
11.0379     99.1493
11.0912     99.2112
11.1446     99.2662
11.1979     99.3188
11.2512     99.3666
11.3045     99.4109
11.3579     99.4551
11.4112     99.4942
11.4645     99.5319
11.5178     99.5651
11.5711     99.5972
11.6245     99.6264
11.6778     99.6535
11.7311     99.6819
11.7844     99.7061
11.8378     99.7266
11.8911     99.7462
11.9444     99.7649
11.9977     99.7817
12.0511     99.7993
12.1044     99.8138
12.1577     99.8274
12.211     99.84
12.2644     99.8507
12.3177     99.8622
12.371     99.872
12.4243     99.8811
12.4776     99.8897
12.531     99.8987
12.5843     99.9069
12.6376     99.9147
12.6909     99.9214
12.7443     99.9281
12.7976     99.9334
12.8509     99.9394
12.9042     99.9441
12.9576     99.9475
13.0109     99.9513
13.0642     99.9555
13.1175     99.9594
13.1708     99.9629
13.2242     99.9659
13.2775     99.9681
13.3308     99.971
13.3841     99.9733
13.4375     99.9753
13.4908     99.9773
13.5441     99.9789
13.5974     99.9809
13.6508     99.9825
13.7041     99.9848
13.7574     99.9859
13.8107     99.9873
13.864     99.9885
13.9174     99.9895
13.9707     99.9903
14.024     99.9909
14.0773     99.9914
14.1307     99.9923
14.184     99.9932
14.2373     99.994
14.2906     99.9942
14.344     99.9948
14.3973     99.9953
14.4506     99.9958
14.5039     99.9961
14.5573     99.9965
14.6106     99.9968
14.6639     99.9969
14.7172     99.997
14.7705     99.9972
14.8239     99.9974
14.8772     99.9978
14.9305     99.9979
14.9838     99.9981
15.0372     99.9983
15.0905     99.9985
15.1438     99.9986
15.1971     99.9987
15.2505     99.9987
15.3038     99.9988
15.3571     99.9988
15.4104     99.999
15.4637     99.9991
15.5171     99.9994
15.5704     99.9994
15.6237     99.9995
15.677     99.9995
15.7304     99.9996
15.7837     99.9997
15.837     99.9997
15.8903     99.9998
15.9437     99.9998
15.997     99.9999
16.0503     99.9999
16.1036     100
16.1569     100
16.2103     100
16.2636     100
16.3169     100
16.3702     100
