Relation between Centrality and Impact parameter - Cu w/ sigmaNN=70mb
b(fm)     Centrality(%)
0     0
0.0634441     0.00340632
0.126888     0.0136253
0.190332     0.0306569
0.253776     0.0545011
0.317221     0.085158
0.380665     0.122627
0.444109     0.16691
0.507553     0.218004
0.570997     0.275912
0.634441     0.340632
0.697885     0.412165
0.761329     0.49051
0.824773     0.575668
0.888218     0.667638
0.951662     0.766422
1.01511     0.872017
1.07855     0.984426
1.14199     1.10365
1.20544     1.22968
1.26888     1.36253
1.33233     1.50219
1.39577     1.64866
1.45921     1.80194
1.52266     1.96204
1.5861     2.12895
1.64955     2.30267
1.71299     2.48321
1.77644     2.67055
1.83988     2.86471
1.90332     3.06569
1.96677     3.27347
2.03021     3.48807
2.09366     3.70948
2.1571     3.9377
2.22054     4.17274
2.28399     4.41459
2.34743     4.66325
2.41088     4.91872
2.47432     5.18101
2.53776     5.45011
2.60121     5.72602
2.66465     6.00875
2.7281     6.29828
2.79154     6.59463
2.85498     6.89779
2.91843     7.20777
2.98187     7.52456
3.04532     7.84816
3.10876     8.17857
3.17221     8.5158
3.23565     8.85983
3.29909     9.21068
3.36254     9.56835
3.42598     9.93282
3.48943     10.3041
3.55287     10.6822
3.61631     11.0671
3.67976     11.4589
3.7432     11.8574
3.80665     12.2627
3.87009     12.6749
3.93353     13.0939
3.99698     13.5197
4.06042     13.9523
4.12387     14.3917
4.18731     14.8379
4.25076     15.291
4.3142     15.7508
4.37764     16.2175
4.44109     16.691
4.50453     17.1713
4.56798     17.6584
4.63142     18.1523
4.69486     18.653
4.75831     19.1605
4.82175     19.6749
4.8852     20.1961
4.94864     20.724
5.01208     21.2588
5.07553     21.8004
5.13897     22.3489
5.20242     22.9041
5.26586     23.4661
5.32931     24.035
5.39275     24.6106
5.45619     25.1931
5.51964     25.7824
5.58308     26.3785
5.64653     26.9814
5.70997     27.5912
5.77341     28.2077
5.83686     28.8311
5.9003     29.4612
5.96375     30.0982
6.02719     30.742
6.09063     31.3926
6.15408     32.05
6.21752     32.7143
6.28097     33.3853
6.34441     34.0632
6.40785     34.7479
6.4713     35.4393
6.53474     36.1376
6.59819     36.8427
6.66163     37.5547
6.72508     38.2734
6.78852     38.9989
6.85196     39.7313
6.91541     40.4705
6.97885     41.2165
7.0423     41.9692
7.10574     42.7289
7.16918     43.4953
7.23263     44.2685
7.29607     45.0485
7.35952     45.8354
7.42296     46.6291
7.4864     47.4296
7.54985     48.2369
7.61329     49.0509
7.67674     49.8717
7.74018     50.6993
7.80363     51.5338
7.86707     52.3749
7.93051     53.2226
7.99396     54.0771
8.0574     54.9378
8.12085     55.8055
8.18429     56.68
8.24773     57.5602
8.31118     58.4467
8.37462     59.3398
8.43807     60.2378
8.50151     61.141
8.56495     62.0502
8.6284     62.9642
8.69184     63.8811
8.75529     64.8032
8.81873     65.728
8.88218     66.6554
8.94562     67.5857
9.00906     68.5181
9.07251     69.4497
9.13595     70.3834
9.1994     71.3157
9.26284     72.2427
9.32628     73.1674
9.38973     74.0854
9.45317     74.9994
9.51662     75.904
9.58006     76.8045
9.6435     77.6911
9.70695     78.571
9.77039     79.4401
9.83384     80.292
9.89728     81.1265
9.96073     81.9464
10.0242     82.7463
10.0876     83.5316
10.1511     84.305
10.2145     85.0561
10.2779     85.7866
10.3414     86.491
10.4048     87.1751
10.4683     87.8394
10.5317     88.4775
10.5952     89.0991
10.6586     89.6926
10.7221     90.2665
10.7855     90.8107
10.8489     91.3363
10.9124     91.8374
10.9758     92.3202
11.0393     92.78
11.1027     93.2176
11.1662     93.6361
11.2296     94.0356
11.2931     94.4103
11.3565     94.7722
11.4199     95.1075
11.4834     95.4261
11.5468     95.724
11.6103     96.0043
11.6737     96.2738
11.7372     96.5319
11.8006     96.7644
11.864     96.9872
11.9275     97.1936
11.9909     97.3848
12.0544     97.5702
12.1178     97.7415
12.1813     97.9011
12.2447     98.0516
12.3082     98.1947
12.3716     98.3256
12.435     98.4474
12.4985     98.5581
12.5619     98.6645
12.6254     98.7637
12.6888     98.8583
12.7523     98.9414
12.8157     99.0212
12.8792     99.0996
12.9426     99.1691
13.006     99.2311
13.0695     99.2898
13.1329     99.3464
13.1964     99.3971
13.2598     99.4441
13.3233     99.4893
13.3867     99.5286
13.4502     99.5647
13.5136     99.6007
13.577     99.6331
13.6405     99.6615
13.7039     99.6879
13.7674     99.7115
13.8308     99.7348
13.8943     99.7591
13.9577     99.7769
14.0211     99.7944
14.0846     99.8115
14.148     99.827
14.2115     99.8414
14.2749     99.8528
14.3384     99.8644
14.4018     99.8744
14.4653     99.8862
14.5287     99.8969
14.5921     99.9056
14.6556     99.9127
14.719     99.9203
14.7825     99.9268
14.8459     99.9332
14.9094     99.9393
14.9728     99.9443
15.0363     99.9494
15.0997     99.9532
15.1631     99.958
15.2266     99.9618
15.29     99.9649
15.3535     99.968
15.4169     99.9707
15.4804     99.9727
15.5438     99.9752
15.6073     99.9771
15.6707     99.9796
15.7341     99.9811
15.7976     99.9833
15.861     99.9847
15.9245     99.9856
15.9879     99.9867
16.0514     99.9878
16.1148     99.9891
16.1782     99.99
16.2417     99.9906
16.3051     99.9913
16.3686     99.9923
16.432     99.9931
16.4955     99.9937
16.5589     99.9941
16.6224     99.9946
16.6858     99.9949
16.7492     99.9953
16.8127     99.9958
16.8761     99.9961
16.9396     99.9965
17.003     99.9969
17.0665     99.9972
17.1299     99.9975
17.1934     99.9979
17.2568     99.9979
17.3202     99.9983
17.3837     99.9983
17.4471     99.9983
17.5106     99.9985
17.574     99.9987
17.6375     99.9989
17.7009     99.9989
17.7644     99.9991
17.8278     99.9991
17.8912     99.9991
17.9547     99.9993
18.0181     99.9995
18.0816     99.9995
18.145     99.9998
18.2085     99.9998
18.2719     99.9998
18.3353     99.9998
18.3988     99.9998
18.4622     99.9998
18.5257     99.9998
18.5891     99.9999
18.6526     99.9999
18.716     99.9999
18.7795     99.9999
18.8429     99.9999
18.9063     100
18.9698     100
19.0332     100
19.0967     100
19.1601     100
19.2236     100
