Relation between Centrality and Impact parameter - O
b(fm)     Centrality(%)
0     0
0.0393958     0.00380218
0.0787915     0.0152087
0.118187     0.0342196
0.157583     0.0608349
0.196979     0.0950545
0.236375     0.136879
0.27577     0.186307
0.315166     0.24334
0.354562     0.307977
0.393958     0.380218
0.433353     0.460064
0.472749     0.547514
0.512145     0.642569
0.551541     0.745228
0.590937     0.855491
0.630332     0.973359
0.669728     1.09883
0.709124     1.23191
0.74852     1.37259
0.787915     1.52087
0.827311     1.67676
0.866707     1.84026
0.906103     2.01135
0.945498     2.19006
0.984894     2.37636
1.02429     2.57027
1.06369     2.77179
1.10308     2.98091
1.14248     3.19763
1.18187     3.42196
1.22127     3.6539
1.26066     3.89343
1.30006     4.14058
1.33946     4.39532
1.37885     4.65767
1.41825     4.92763
1.45764     5.20519
1.49704     5.49035
1.53644     5.78312
1.57583     6.08349
1.61523     6.39147
1.65462     6.70705
1.69402     7.03023
1.73341     7.36102
1.77281     7.69942
1.81221     8.04542
1.8516     8.39902
1.891     8.76023
1.93039     9.12904
1.96979     9.50545
2.00918     9.88947
2.04858     10.2811
2.08798     10.6803
2.12737     11.0872
2.16677     11.5016
2.20616     11.9236
2.24556     12.3533
2.28495     12.7905
2.32435     13.2354
2.36375     13.6879
2.40314     14.1479
2.44254     14.6156
2.48193     15.0909
2.52133     15.5737
2.56073     16.0642
2.60012     16.5623
2.63952     17.068
2.67891     17.5813
2.71831     18.1022
2.7577     18.6307
2.7971     19.1668
2.8365     19.7105
2.87589     20.2618
2.91529     20.8207
2.95468     21.3873
2.99408     21.9614
3.03347     22.5431
3.07287     23.1325
3.11227     23.7294
3.15166     24.334
3.19106     24.9461
3.23045     25.5658
3.26985     26.1932
3.30924     26.8282
3.34864     27.4707
3.38804     28.1209
3.42743     28.7786
3.46683     29.444
3.50622     30.1169
3.54562     30.7974
3.58502     31.4856
3.62441     32.1814
3.66381     32.8847
3.7032     33.5956
3.7426     34.314
3.78199     35.0401
3.82139     35.7737
3.86079     36.5149
3.90018     37.2635
3.93958     38.0196
3.97897     38.7833
4.01837     39.5546
4.05776     40.333
4.09716     41.1192
4.13656     41.9128
4.17595     42.7137
4.21535     43.5221
4.25474     44.3373
4.29414     45.1597
4.33353     45.9892
4.37293     46.825
4.41233     47.668
4.45172     48.5184
4.49112     49.3747
4.53051     50.2372
4.56991     51.1056
4.60931     51.9796
4.6487     52.8599
4.6881     53.7453
4.72749     54.6361
4.76689     55.5304
4.80628     56.4296
4.84568     57.332
4.88508     58.2373
4.92447     59.1455
4.96387     60.0557
5.00326     60.9684
5.04266     61.8788
5.08205     62.7909
5.12145     63.7029
5.16085     64.6149
5.20024     65.5232
5.23964     66.4306
5.27903     67.3336
5.31843     68.2348
5.35782     69.1341
5.39722     70.0225
5.43662     70.906
5.47601     71.781
5.51541     72.6505
5.5548     73.5075
5.5942     74.3549
5.6336     75.1919
5.67299     76.0198
5.71239     76.842
5.75178     77.6465
5.79118     78.443
5.83057     79.2207
5.86997     79.983
5.90937     80.7275
5.94876     81.4584
5.98816     82.1773
6.02755     82.8785
6.06695     83.5654
6.10634     84.2334
6.14574     84.8802
6.18514     85.5159
6.22453     86.1323
6.26393     86.7349
6.30332     87.3181
6.34272     87.8817
6.38211     88.4306
6.42151     88.96
6.46091     89.4759
6.5003     89.9747
6.5397     90.4571
6.57909     90.9136
6.61849     91.3595
6.65789     91.7842
6.69728     92.2019
6.73668     92.5998
6.77607     92.973
6.81547     93.3442
6.85486     93.6898
6.89426     94.0278
6.93366     94.3528
6.97305     94.6555
7.01245     94.9426
7.05184     95.2229
7.09124     95.4946
7.13063     95.7478
7.17003     95.9882
7.20943     96.215
7.24882     96.4286
7.28822     96.6317
7.32761     96.8263
7.36701     97.0144
7.4064     97.1909
7.4458     97.3551
7.4852     97.5122
7.52459     97.6605
7.56399     97.7962
7.60338     97.9253
7.64278     98.0491
7.68218     98.1715
7.72157     98.283
7.76097     98.3882
7.80036     98.4905
7.83976     98.5855
7.87915     98.6766
7.91855     98.7608
7.95795     98.8398
7.99734     98.9174
8.03674     98.9851
8.07613     99.0514
8.11553     99.1126
8.15492     99.1689
8.19432     99.2233
8.23372     99.273
8.27311     99.3203
8.31251     99.3614
8.3519     99.4004
8.3913     99.4391
8.43069     99.4766
8.47009     99.5116
8.50949     99.5447
8.54888     99.5756
8.58828     99.6041
8.62767     99.6301
8.66707     99.6528
8.70647     99.6752
8.74586     99.6949
8.78526     99.7145
8.82465     99.7354
8.86405     99.7533
8.90344     99.7674
8.94284     99.7813
8.98224     99.7939
9.02163     99.8069
9.06103     99.819
9.10042     99.83
9.13982     99.8414
9.17921     99.8516
9.21861     99.8609
9.25801     99.8707
9.2974     99.8786
9.3368     99.8872
9.37619     99.8935
9.41559     99.8999
9.45498     99.9055
9.49438     99.9114
9.53378     99.9178
9.57317     99.9229
9.61257     99.9276
9.65196     99.9321
9.69136     99.9358
9.73076     99.9406
9.77015     99.9446
9.80955     99.9471
9.84894     99.9509
9.88834     99.954
9.92773     99.9572
9.96713     99.9598
10.0065     99.9622
10.0459     99.9647
10.0853     99.9667
10.1247     99.9687
10.1641     99.9708
10.2035     99.9719
10.2429     99.9736
10.2823     99.9749
10.3217     99.9757
10.3611     99.9766
10.4005     99.9782
10.4399     99.979
10.4793     99.9804
10.5187     99.9817
10.5581     99.9829
10.5975     99.9839
10.6369     99.9853
10.6763     99.9859
10.7156     99.9865
10.755     99.9871
10.7944     99.9878
10.8338     99.9884
10.8732     99.9888
10.9126     99.9896
10.952     99.99
10.9914     99.9905
11.0308     99.991
11.0702     99.9915
11.1096     99.9922
11.149     99.9925
11.1884     99.9925
11.2278     99.9931
11.2672     99.9934
11.3066     99.9938
11.346     99.9944
11.3854     99.9946
11.4248     99.9947
11.4642     99.9951
11.5036     99.9953
11.543     99.9953
11.5824     99.9956
11.6218     99.9958
11.6611     99.9959
11.7005     99.996
11.7399     99.9962
11.7793     99.9963
11.8187     99.9964
11.8581     99.9965
11.8975     99.9966
11.9369     99.9967
11.9763     99.9968
12.0157     99.997
12.0551     99.9972
12.0945     99.9972
12.1339     99.9973
12.1733     99.9975
12.2127     99.9978
12.2521     99.9979
12.2915     99.998
12.3309     99.998
12.3703     99.9981
12.4097     99.9981
12.4491     99.9982
12.4885     99.9983
12.5279     99.9984
12.5673     99.9985
12.6066     99.9986
12.646     99.9986
12.6854     99.9986
12.7248     99.9987
12.7642     99.9987
12.8036     99.9989
12.843     99.9989
12.8824     99.9989
12.9218     99.999
12.9612     99.9991
13.0006     99.9992
13.04     99.9993
13.0794     99.9993
13.1188     99.9994
13.1582     99.9994
13.1976     99.9996
13.237     99.9996
13.2764     99.9996
13.3158     99.9996
13.3552     99.9997
13.3946     99.9998
13.434     99.9998
13.4734     99.9999
13.5127     99.9999
13.5521     99.9999
13.5915     99.9999
13.6309     99.9999
13.6703     99.9999
13.7097     100
13.7491     100
13.7885     100
13.8279     100
13.8673     100
13.9067     100
