Relation between Centrality and Impact parameter - Ar
b(fm)     Centrality(%)
0     0
0.0533233     0.00343957
0.106647     0.0137583
0.15997     0.0309562
0.213293     0.0550332
0.266616     0.0859893
0.31994     0.123825
0.373263     0.168539
0.426586     0.220133
0.479909     0.278605
0.533233     0.343957
0.586556     0.416188
0.639879     0.495299
0.693202     0.581288
0.746526     0.674156
0.799849     0.773904
0.853172     0.880531
0.906495     0.994037
0.959819     1.11442
1.01314     1.24169
1.06647     1.37583
1.11979     1.51685
1.17311     1.66475
1.22644     1.81953
1.27976     1.98119
1.33308     2.14973
1.3864     2.32515
1.43973     2.50745
1.49305     2.69663
1.54637     2.89268
1.5997     3.09562
1.65302     3.30543
1.70634     3.52212
1.75967     3.7457
1.81299     3.97615
1.86631     4.21348
1.91964     4.45769
1.97296     4.70878
2.02628     4.96674
2.07961     5.23159
2.13293     5.50332
2.18625     5.78192
2.23958     6.06741
2.2929     6.35977
2.34622     6.65902
2.39955     6.96514
2.45287     7.27814
2.50619     7.59802
2.55952     7.92478
2.61284     8.25842
2.66616     8.59893
2.71949     8.94633
2.77281     9.30061
2.82613     9.66176
2.87946     10.0298
2.93278     10.4047
2.9861     10.7865
3.03943     11.1752
3.09275     11.5707
3.14607     11.9732
3.1994     12.3825
3.25272     12.7987
3.30604     13.2217
3.35937     13.6517
3.41269     14.0885
3.46601     14.5322
3.51934     14.9828
3.57266     15.4402
3.62598     15.9046
3.67931     16.3758
3.73263     16.8539
3.78595     17.3389
3.83927     17.8308
3.8926     18.3295
3.94592     18.8351
3.99924     19.3476
4.05257     19.867
4.10589     20.3932
4.15921     20.9264
4.21254     21.4664
4.26586     22.0133
4.31918     22.567
4.37251     23.1277
4.42583     23.6952
4.47915     24.2696
4.53248     24.8509
4.5858     25.4391
4.63912     26.0341
4.69245     26.6361
4.74577     27.2449
4.79909     27.8605
4.85242     28.4831
4.90574     29.1126
4.95906     29.7489
5.01239     30.3921
5.06571     31.0422
5.11903     31.6991
5.17236     32.363
5.22568     33.0337
5.279     33.7113
5.33233     34.3957
5.38565     35.0871
5.43897     35.7853
5.4923     36.4904
5.54562     37.2024
5.59894     37.9213
5.65227     38.647
5.70559     39.3797
5.75891     40.1192
5.81224     40.8655
5.86556     41.6188
5.91888     42.3789
5.97221     43.1459
6.02553     43.9198
6.07885     44.7006
6.13218     45.488
6.1855     46.2823
6.23882     47.0835
6.29215     47.8913
6.34547     48.7062
6.39879     49.528
6.45211     50.3563
6.50544     51.1911
6.55876     52.0325
6.61208     52.8805
6.66541     53.7349
6.71873     54.5957
6.77205     55.4619
6.82538     56.3334
6.8787     57.2114
6.93202     58.094
6.98535     58.9819
7.03867     59.8746
7.09199     60.7723
7.14532     61.6737
7.19864     62.5789
7.25196     63.4865
7.30529     64.3979
7.35861     65.3109
7.41193     66.2227
7.46526     67.1367
7.51858     68.0486
7.5719     68.9612
7.62523     69.8701
7.67855     70.7761
7.73187     71.6759
7.7852     72.5733
7.83852     73.4656
7.89184     74.3473
7.94517     75.2254
7.99849     76.0941
8.05181     76.955
8.10514     77.8037
8.15846     78.6394
8.21178     79.4644
8.26511     80.2725
8.31843     81.0635
8.37175     81.8487
8.42508     82.6074
8.4784     83.3485
8.53172     84.0753
8.58505     84.7794
8.63837     85.4739
8.69169     86.1426
8.74502     86.7912
8.79834     87.4272
8.85166     88.0378
8.90498     88.6265
8.95831     89.1921
9.01163     89.7379
9.06495     90.2645
9.11828     90.777
9.1716     91.2679
9.22492     91.7372
9.27825     92.1853
9.33157     92.6188
9.38489     93.0323
9.43822     93.4225
9.49154     93.7997
9.54486     94.1539
9.59819     94.4994
9.65151     94.8236
9.70483     95.1343
9.75816     95.4255
9.81148     95.7053
9.8648     95.9646
9.91813     96.2166
9.97145     96.4561
10.0248     96.6795
10.0781     96.8898
10.1314     97.0898
10.1847     97.2738
10.2381     97.4525
10.2914     97.6186
10.3447     97.7752
10.398     97.9221
10.4514     98.0643
10.5047     98.1972
10.558     98.317
10.6113     98.4362
10.6647     98.5405
10.718     98.6409
10.7713     98.7357
10.8246     98.8169
10.8779     98.9002
10.9313     98.9761
10.9846     99.0519
11.0379     99.119
11.0912     99.1827
11.1446     99.2394
11.1979     99.2933
11.2512     99.3426
11.3045     99.3885
11.3579     99.4347
11.4112     99.4748
11.4645     99.5139
11.5178     99.5481
11.5711     99.5809
11.6245     99.6114
11.6778     99.6399
11.7311     99.6693
11.7844     99.6944
11.8378     99.7157
11.8911     99.736
11.9444     99.7553
11.9977     99.7728
12.0511     99.7912
12.1044     99.8065
12.1577     99.8206
12.211     99.8333
12.2644     99.8443
12.3177     99.8562
12.371     99.8665
12.4243     99.8761
12.4776     99.8852
12.531     99.8946
12.5843     99.9032
12.6376     99.9112
12.6909     99.9182
12.7443     99.9251
12.7976     99.9307
12.8509     99.9369
12.9042     99.9417
12.9576     99.9454
13.0109     99.9492
13.0642     99.9533
13.1175     99.9573
13.1708     99.9609
13.2242     99.9641
13.2775     99.9666
13.3308     99.9696
13.3841     99.9719
13.4375     99.974
13.4908     99.9761
13.5441     99.9777
13.5974     99.9798
13.6508     99.9816
13.7041     99.984
13.7574     99.9852
13.8107     99.9867
13.864     99.988
13.9174     99.989
13.9707     99.9899
14.024     99.9905
14.0773     99.991
14.1307     99.9919
14.184     99.9928
14.2373     99.9936
14.2906     99.9939
14.344     99.9945
14.3973     99.9952
14.4506     99.9956
14.5039     99.9959
14.5573     99.9963
14.6106     99.9967
14.6639     99.9968
14.7172     99.9968
14.7705     99.9971
14.8239     99.9973
14.8772     99.9977
14.9305     99.9978
14.9838     99.998
15.0372     99.9982
15.0905     99.9984
15.1438     99.9985
15.1971     99.9986
15.2505     99.9986
15.3038     99.9987
15.3571     99.9987
15.4104     99.9989
15.4637     99.999
15.5171     99.9993
15.5704     99.9993
15.6237     99.9994
15.677     99.9994
15.7304     99.9995
15.7837     99.9997
15.837     99.9997
15.8903     99.9998
15.9437     99.9998
15.997     99.9999
16.0503     99.9999
16.1036     100
16.1569     100
16.2103     100
16.2636     100
16.3169     100
16.3702     100
