Relation between Centrality and Impact parameter - Cu
b(fm)     Centrality(%)
0     0
0.0634441     0.00339826
0.126888     0.0135931
0.190332     0.0305844
0.253776     0.0543722
0.317221     0.0849566
0.380665     0.122337
0.444109     0.166515
0.507553     0.217489
0.570997     0.275259
0.634441     0.339826
0.697885     0.41119
0.761329     0.48935
0.824773     0.574307
0.888218     0.66606
0.951662     0.764609
1.01511     0.869955
1.07855     0.982098
1.14199     1.10104
1.20544     1.22677
1.26888     1.35931
1.33233     1.49863
1.39577     1.64476
1.45921     1.79768
1.52266     1.9574
1.5861     2.12391
1.64955     2.29723
1.71299     2.47733
1.77644     2.66424
1.83988     2.85794
1.90332     3.05844
1.96677     3.26573
2.03021     3.47982
2.09366     3.70071
2.1571     3.92839
2.22054     4.16287
2.28399     4.40415
2.34743     4.65222
2.41088     4.90709
2.47432     5.16876
2.53776     5.43722
2.60121     5.71248
2.66465     5.99454
2.7281     6.28339
2.79154     6.57904
2.85498     6.88148
2.91843     7.19073
2.98187     7.50676
3.04532     7.8296
3.10876     8.15923
3.17221     8.49566
3.23565     8.83888
3.29909     9.1889
3.36254     9.54572
3.42598     9.90934
3.48943     10.2797
3.55287     10.657
3.61631     11.041
3.67976     11.4318
3.7432     11.8294
3.80665     12.2337
3.87009     12.6449
3.93353     13.0629
3.99698     13.4877
4.06042     13.9193
4.12387     14.3577
4.18731     14.8028
4.25076     15.2548
4.3142     15.7136
4.37764     16.1791
4.44109     16.6515
4.50453     17.1306
4.56798     17.6166
4.63142     18.1093
4.69486     18.6089
4.75831     19.1152
4.82175     19.6284
4.8852     20.1483
4.94864     20.675
5.01208     21.2086
5.07553     21.7489
5.13897     22.296
5.20242     22.8499
5.26586     23.4106
5.32931     23.9781
5.39275     24.5525
5.45619     25.1336
5.51964     25.7215
5.58308     26.3162
5.64653     26.9176
5.70997     27.5259
5.77341     28.141
5.83686     28.7629
5.9003     29.3916
5.96375     30.0271
6.02719     30.6693
6.09063     31.3184
6.15408     31.9743
6.21752     32.6369
6.28097     33.3064
6.34441     33.9826
6.40785     34.6657
6.4713     35.3555
6.53474     36.0522
6.59819     36.7556
6.66163     37.4659
6.72508     38.1829
6.78852     38.9067
6.85196     39.6373
6.91541     40.3748
6.97885     41.119
7.0423     41.87
7.10574     42.6278
7.16918     43.3924
7.23263     44.1638
7.29607     44.942
7.35952     45.727
7.42296     46.5188
7.4864     47.3174
7.54985     48.1228
7.61329     48.9349
7.67674     49.7538
7.74018     50.5795
7.80363     51.412
7.86707     52.2511
7.93051     53.0968
7.99396     53.9493
8.0574     54.8081
8.12085     55.6738
8.18429     56.5462
8.24773     57.4245
8.31118     58.3091
8.37462     59.2001
8.43807     60.0962
8.50151     60.9975
8.56495     61.9049
8.6284     62.8171
8.69184     63.7324
8.75529     64.6529
8.81873     65.5762
8.88218     66.5025
8.94562     67.4317
9.00906     68.3629
9.07251     69.2935
9.13595     70.2263
9.1994     71.1582
9.26284     72.0849
9.32628     73.0098
9.38973     73.9278
9.45317     74.8429
9.51662     75.7482
9.58006     76.6499
9.6435     77.5375
9.70695     78.4193
9.77039     79.2896
9.83384     80.1432
9.89728     80.9794
9.96073     81.8023
10.0242     82.6045
10.0876     83.3937
10.1511     84.1697
10.2145     84.9234
10.2779     85.6568
10.3414     86.3646
10.4048     87.0527
10.4683     87.7212
10.5317     88.363
10.5952     88.9881
10.6586     89.5861
10.7221     90.1639
10.7855     90.7118
10.8489     91.2415
10.9124     91.7468
10.9758     92.2335
11.0393     92.6974
11.1027     93.1387
11.1662     93.5601
11.2296     93.9635
11.2931     94.3416
11.3565     94.707
11.4199     95.046
11.4834     95.368
11.5468     95.6687
11.6103     95.9527
11.6737     96.2255
11.7372     96.4865
11.8006     96.7221
11.864     96.9475
11.9275     97.1566
11.9909     97.3502
12.0544     97.5375
12.1178     97.7111
12.1813     97.8727
12.2447     98.025
12.3082     98.17
12.3716     98.3025
12.435     98.4259
12.4985     98.5386
12.5619     98.6466
12.6254     98.7474
12.6888     98.8428
12.7523     98.927
12.8157     99.0076
12.8792     99.0866
12.9426     99.1567
13.006     99.2191
13.0695     99.2786
13.1329     99.3363
13.1964     99.3877
13.2598     99.4353
13.3233     99.481
13.3867     99.5209
13.4502     99.5579
13.5136     99.5944
13.577     99.627
13.6405     99.6557
13.7039     99.6823
13.7674     99.7063
13.8308     99.73
13.8943     99.7546
13.9577     99.7729
14.0211     99.7906
14.0846     99.808
14.148     99.824
14.2115     99.8387
14.2749     99.8505
14.3384     99.8623
14.4018     99.8725
14.4653     99.8844
14.5287     99.8951
14.5921     99.9038
14.6556     99.9111
14.719     99.9189
14.7825     99.9255
14.8459     99.932
14.9094     99.9381
14.9728     99.9432
15.0363     99.9484
15.0997     99.9522
15.1631     99.9572
15.2266     99.9611
15.29     99.9642
15.3535     99.9674
15.4169     99.9701
15.4804     99.9722
15.5438     99.9747
15.6073     99.9766
15.6707     99.9791
15.7341     99.9807
15.7976     99.9829
15.861     99.9843
15.9245     99.9853
15.9879     99.9864
16.0514     99.9874
16.1148     99.9887
16.1782     99.9897
16.2417     99.9903
16.3051     99.991
16.3686     99.992
16.432     99.9928
16.4955     99.9934
16.5589     99.9938
16.6224     99.9944
16.6858     99.9948
16.7492     99.9953
16.8127     99.9957
16.8761     99.996
16.9396     99.9964
17.003     99.9968
17.0665     99.9971
17.1299     99.9974
17.1934     99.9978
17.2568     99.9978
17.3202     99.9983
17.3837     99.9983
17.4471     99.9983
17.5106     99.9985
17.574     99.9987
17.6375     99.9989
17.7009     99.9989
17.7644     99.9991
17.8278     99.9991
17.8912     99.9991
17.9547     99.9993
18.0181     99.9995
18.0816     99.9995
18.145     99.9998
18.2085     99.9998
18.2719     99.9998
18.3353     99.9998
18.3988     99.9998
18.4622     99.9998
18.5257     99.9998
18.5891     99.9999
18.6526     99.9999
18.716     99.9999
18.7795     99.9999
18.8429     99.9999
18.9063     100
18.9698     100
19.0332     100
19.0967     100
19.1601     100
19.2236     100
